1125899906842624
4503599627370496
2048
2251799813685248
1024
9007199254740992
36028797018963968
18014398509481984
1
2
256
512
128
75557863725914323419136
16
32
64
4
151115727451828646838272
302231454903657293676544
8
19807040628566084398385987584
536870912
2147483648
32768
9671406556917033397649408
9903520314283042199192993792
1073741824
158456325028528675187087900672
8589934592
41538374868278621028243970633760768
79228162514264337593543950336
134217728
4294967296
8192
39614081257132168796771975168
17179869184
316912650057057350374175801344
73786976294838206464
131072
633825300114114700748351602688
67108864
65536
549755813888
20769187434139310514121985316880384
16777216
1267650600228229401496703205376
33554432
2535301200456458802993406410752
36893488147419103232
1099511627776
2199023255552
1048576
1180591620717411303424
281474976710656
2097152
590295810358705651712
4398046511104
70368744177664
8388608
4194304
140737488355328
262144
649037107316853453566312041152512
147573952589676412928
295147905179352825856
324518553658426726783156020576256
524288
562949953421312
16384
8796093022208
4096
34359738368
68719476736
162259276829213363391578010288128
137438953472
268435456
81129638414606681695789005144064
274877906944
35184372088832
17592186044416
72057594037927936
288230376151711744
144115188075855872
576460752303423488
604462909807314587353088
2305843009213693952
1152921504606846976
4611686018427387904
9223372036854775808
18446744073709551616
4722366482869645213696
9444732965739290427392
2361183241434822606848
1208925819614629174706176
37778931862957161709568
2417851639229258349412352
18889465931478580854784
4835703278458516698824704
4951760157141521099596496896
1298074214633706907132624082305024
5070602400912917605986812821504
10141204801825835211973625643008
618970019642690137449562112
1237940039285380274899124224
2475880078570760549798248448
20282409603651670423947251286016
154742504910672534362390528
77371252455336267181195264
10384593717069655257060992658440192
5192296858534827628530496329220096
309485009821345068724781056
2596148429267413814265248164610048
40564819207303340847894502572032
19342813113834066795298816
38685626227668133590597632